01000001001000000000000000000000
01000000000000000000000000000000
01000001001100000000000000000000
01000000000000000000000000000000
01000001010000000000000000000000
01000000000000000000000000000000
01000001010100000000000000000000
01000000000000000000000000000000
01000001011000000000000000000000
01000000000000000000000000000000
01000001011100000000000000000000
01000000000000000000000000000000
01000001100000000000000000000000
01000000000000000000000000000000
01000001100010000000000000000000
01000000000000000000000000000000
01000001100100000000000000000000
01000000000000000000000000000000
01000001100110000000000000000000
01000000000000000000000000000000