01000000001001000000000000000000
00000000000000000000000000000000
01000000000000000000000000000000
00000000000000000000000000000000
01000000001001100000000000000000
00000000000000000000000000000000
01000000000000000000000000000000
00000000000000000000000000000000
01000000001010000000000000000000
00000000000000000000000000000000
01000000000000000000000000000000
00000000000000000000000000000000
01000000001010100000000000000000
00000000000000000000000000000000
01000000000000000000000000000000
00000000000000000000000000000000
01000000001011000000000000000000
00000000000000000000000000000000
01000000000000000000000000000000
00000000000000000000000000000000
01000000001011100000000000000000
00000000000000000000000000000000
01000000000000000000000000000000
00000000000000000000000000000000
01000000001100000000000000000000
00000000000000000000000000000000
01000000000000000000000000000000
00000000000000000000000000000000
01000000001100010000000000000000
00000000000000000000000000000000
01000000000000000000000000000000
00000000000000000000000000000000
01000000001100100000000000000000
00000000000000000000000000000000
01000000000000000000000000000000
00000000000000000000000000000000
01000000001100110000000000000000
00000000000000000000000000000000
01000000000000000000000000000000
00000000000000000000000000000000